4.678078422062874608e+00
1.298188806826250818e+00
5.468940444501544373e-01
2.175271676719076286e+00
1.892558719199618045e+00
2.967121766125031535e+00
4.012328491103209216e-01
-8.928993936058677861e-01
1.535279276756488787e-01
6.550885391981244865e-01
2.823875060861852915e-01
-1.066264412018352453e-01
-1.365905223072349812e-03
6.204769840751905852e-01
-3.642411080297176529e-01
-8.636136633404646323e-01
7.812340623538970019e-02
1.546103615793711361e-01
-7.713515588367297893e-01
-5.434822365991754944e-01
2.916047272910045618e-01
8.200538886369815317e-02
-2.554025662985153211e-01
-1.043639851349722258e+00
3.053433111336327777e-01
-2.259446820863205418e-01
-5.644820218820166546e-02
-8.205548617619288221e-01
-1.416317147785784158e-01
-2.264440233412545744e-01
-4.171068174863628575e-01
-7.696328244935844998e-01
-6.965346977511326365e-01
7.954181672055563590e-01
-5.851582100401343522e-01
-1.396991548488882018e-01
7.664598114046895783e-02
-5.058392785338559072e-01
5.962393979935952659e-01
-9.966729682456271222e-01
-4.544742599711387165e-01
2.618567736313561212e-01
-9.342248012177635508e-02
-5.192037831994747998e-01
-2.961215261477721516e-01
-1.141279954921293749e+00
-8.858656173494640074e-01
-1.210210696193630836e-01
-7.061460050230013996e-01
-5.568172159694754209e-01
3.395601991496650651e-01
-6.567573393084198408e-01
-7.514091678608835201e-01
-1.099195026467605807e+00
5.741963830147656447e-04
-5.554372768086930368e-01
-3.913682693258953571e-01
