5.498728835902332968e+00
2.820758395768444782e+00
2.963595101264144382e+00
4.545150878968839958e-01
8.049788218374724913e-01
4.797973714440181281e-01
-5.171014978578442056e-01
-6.278567985677446870e-04
-4.813336748714233115e-01
-2.665844508584193084e-01
-6.284988392348851427e-01
-1.954110144021723727e-01
-5.578510181955179670e-01
1.095578427041313391e-01
-3.454019503254728285e-01
1.507741072504727553e+00
-2.781532645445925489e-01
-5.983134744137089678e-01
-3.139092645075926002e-01
6.342690533959281785e-02
-5.305064962169935283e-01
-4.685690784688088528e-01
-6.944273878776667519e-02
-3.438168360179200134e-01
-2.716881115306281624e-01
-3.661543398220833967e-01
6.071109486324401949e-01
-2.570084387761664146e-01
-4.044346126427991184e-01
-4.410902998625805815e-01
-3.110205219874117577e-01
-4.748519433519292066e-01
-3.886499358530766668e-01
-4.433582036742457211e-01
-6.469261470837033290e-01
-1.817591106576060822e-02
-3.348664204195681005e-01
-4.334053668367853218e-01
-3.815299333254293934e-01
-3.993722538112570719e-01
-2.839023595804343603e-01
-3.248082638442001957e-01
-1.290221055994510979e-01
-2.756118793542391976e-01
-2.054864506761902021e-01
-4.429894862787552290e-01
-4.684320979677726871e-01
-6.141089479419944430e-01
-1.138264048993930661e-01
-2.397810680591016541e-01
-4.427359373356161143e-01
-5.573309376577214591e-01
-1.932902285605192227e-01
-2.330286865000991969e-01
-6.730663022819444175e-02
7.081332374805309193e-01
1.610244729119883825e-02
-2.747306880371299664e-01
